{
 "cells": [
  {
   "cell_type": "code",
   "execution_count": 1,
   "metadata": {},
   "outputs": [],
   "source": [
    "import torch\n",
    "from torch.utils.cpp_extension import load\n",
    "from algo import original_orth\n",
    "import itertools"
   ]
  },
  {
   "cell_type": "code",
   "execution_count": 2,
   "metadata": {},
   "outputs": [],
   "source": [
    "qr_func = load(name=\"qr_func\", sources=[\"qr_orthogonalization.cpp\", \"qr_orthogonalization.cu\"])"
   ]
  },
  {
   "cell_type": "code",
   "execution_count": 3,
   "metadata": {},
   "outputs": [],
   "source": [
    "M = 30\n",
    "N = 4000\n",
    "device = torch.device(\"cuda\")\n",
    "\n",
    "A = torch.rand((M, N), device=device)\n",
    "Q = A.clone()"
   ]
  },
  {
   "cell_type": "code",
   "execution_count": 4,
   "metadata": {},
   "outputs": [],
   "source": [
    "qr_func.qr_orthogonalization(Q, 0)"
   ]
  },
  {
   "cell_type": "code",
   "execution_count": 5,
   "metadata": {},
   "outputs": [
    {
     "data": {
      "text/plain": [
       "tensor([[ 1.0000e+00, -4.6566e-10,  2.2119e-09,  5.8208e-09,  3.7253e-09,\n",
       "         -4.0454e-09,  4.0745e-09, -3.4925e-09,  3.2596e-09,  1.1642e-10,\n",
       "          7.5670e-10, -5.7626e-09, -2.9104e-09,  2.7358e-09,  5.8208e-10,\n",
       "          4.0745e-09, -6.9849e-10,  5.5879e-09,  1.8626e-09,  4.6566e-09,\n",
       "         -4.6566e-10, -2.6193e-09, -1.0477e-09,  9.8953e-10, -3.0268e-09,\n",
       "         -9.3132e-10,  5.0641e-09, -7.2177e-09, -6.7521e-09,  9.8953e-10],\n",
       "        [-4.6566e-10,  1.0000e+00, -8.1491e-09,  4.4238e-09,  4.6566e-10,\n",
       "         -6.4028e-10, -9.3132e-09,  5.2387e-09, -8.8476e-09, -5.4715e-09,\n",
       "         -3.9581e-09, -1.2806e-08, -1.2456e-08,  4.6566e-10, -3.3004e-08,\n",
       "         -2.5611e-09, -3.8417e-09, -5.8208e-09, -1.9325e-08,  4.0745e-09,\n",
       "         -1.6764e-08, -5.9372e-09, -1.1642e-09, -1.6880e-08, -6.9849e-10,\n",
       "          6.9849e-09, -6.4611e-09,  4.4238e-09,  1.1642e-10, -2.8522e-09],\n",
       "        [ 2.2119e-09, -8.1491e-09,  1.0000e+00,  6.7521e-09,  5.1223e-09,\n",
       "         -5.6461e-09,  4.6566e-10, -1.0536e-08,  4.6566e-10,  2.6776e-09,\n",
       "          4.9477e-09, -1.5134e-09, -6.2864e-09,  7.2177e-09,  1.6880e-08,\n",
       "         -5.8790e-09, -3.3760e-09, -4.6566e-09, -1.8626e-09,  1.2456e-08,\n",
       "          3.4925e-09,  1.4261e-08, -9.5461e-09,  0.0000e+00,  3.4925e-09,\n",
       "         -9.1968e-09,  3.0268e-09, -1.6880e-09,  3.8999e-08, -8.0327e-09],\n",
       "        [ 5.8208e-09,  4.4238e-09,  6.7521e-09,  1.0000e+00, -4.5402e-09,\n",
       "         -2.5611e-09, -8.3819e-09,  4.6566e-10, -2.1537e-09, -3.9581e-09,\n",
       "          4.6566e-10,  1.8626e-09, -1.7462e-09, -1.2107e-08,  2.5611e-09,\n",
       "         -3.0268e-09,  9.6625e-09, -6.2864e-09,  5.5297e-09,  5.8208e-09,\n",
       "         -2.2119e-09,  7.3924e-09,  7.9162e-09, -2.3283e-09, -1.1642e-09,\n",
       "         -7.9162e-09,  7.2177e-09,  3.1432e-09, -1.3271e-08,  2.5611e-09],\n",
       "        [ 3.7253e-09,  4.6566e-10,  5.1223e-09, -4.5402e-09,  1.0000e+00,\n",
       "          1.6298e-09, -2.4447e-09,  1.1816e-08,  1.0245e-08,  5.3551e-09,\n",
       "          1.0419e-08,  1.2689e-08,  1.6415e-08, -2.5029e-09, -2.0198e-08,\n",
       "         -8.8476e-09, -3.8999e-09, -9.6261e-09,  9.6334e-09,  1.2806e-09,\n",
       "          4.6566e-10,  5.8208e-09, -8.8476e-09,  6.8685e-09,  7.2177e-09,\n",
       "         -6.4611e-09, -8.7311e-10,  2.9395e-09, -3.4925e-09, -7.9162e-09],\n",
       "        [-4.0454e-09, -6.4028e-10, -5.6461e-09, -2.5611e-09,  1.6298e-09,\n",
       "          1.0000e+00,  2.7940e-09,  2.3283e-09, -3.4925e-10, -1.8044e-09,\n",
       "         -2.9104e-09, -1.3271e-08,  2.7940e-09,  4.3656e-09,  1.8859e-08,\n",
       "          7.6252e-09, -2.6776e-09,  4.6566e-09,  5.3551e-09,  9.6043e-10,\n",
       "         -2.3283e-09,  1.0477e-09, -3.0268e-09, -6.4028e-09,  2.0955e-09,\n",
       "          9.3132e-10,  4.6566e-09, -6.9849e-10, -2.3283e-09,  2.7940e-09],\n",
       "        [ 4.0745e-09, -9.3132e-09,  4.6566e-10, -8.3819e-09, -2.4447e-09,\n",
       "          2.7940e-09,  1.0000e+00,  1.0477e-09,  7.9162e-09,  3.7253e-09,\n",
       "         -5.2387e-10, -2.3283e-10, -1.3970e-09,  3.0268e-09, -1.8743e-08,\n",
       "         -3.8417e-09, -2.6776e-09,  5.2387e-10,  6.6939e-10,  6.4028e-09,\n",
       "         -3.9581e-09,  1.6240e-08, -7.1595e-09,  2.5320e-09, -6.2864e-09,\n",
       "          4.8894e-09, -7.6834e-09, -2.7649e-09,  7.1595e-09,  4.4238e-09],\n",
       "        [-3.4925e-09,  5.2387e-09, -1.0536e-08,  4.6566e-10,  1.1816e-08,\n",
       "          2.3283e-09,  1.0477e-09,  1.0000e+00, -1.2107e-08,  7.2177e-09,\n",
       "          3.7253e-09, -4.6566e-10,  2.5611e-09, -1.5600e-08, -1.2922e-08,\n",
       "          5.5879e-09, -5.8208e-10, -5.8208e-10,  5.9081e-09, -1.6298e-09,\n",
       "          6.9849e-10, -7.4506e-09,  1.2224e-08,  6.8103e-09, -4.6857e-09,\n",
       "         -3.4925e-09,  1.1874e-08,  3.4634e-09,  4.5402e-09, -4.4238e-09],\n",
       "        [ 3.2596e-09, -8.8476e-09,  4.6566e-10, -2.1537e-09,  1.0245e-08,\n",
       "         -3.4925e-10,  7.9162e-09, -1.2107e-08,  1.0000e+00,  3.4925e-09,\n",
       "         -6.9849e-09,  1.3970e-09, -3.9581e-09,  9.8953e-10,  4.5693e-09,\n",
       "          5.3551e-09,  1.0012e-08,  2.1537e-09, -3.9581e-09,  1.6298e-09,\n",
       "          2.3283e-09,  3.9581e-09,  5.8208e-10, -1.0943e-08,  0.0000e+00,\n",
       "          3.7253e-09, -6.9849e-09, -4.5693e-09,  1.1409e-08,  1.4552e-08],\n",
       "        [ 1.1642e-10, -5.4715e-09,  2.6776e-09, -3.9581e-09,  5.3551e-09,\n",
       "         -1.8044e-09,  3.7253e-09,  7.2177e-09,  3.4925e-09,  1.0000e+00,\n",
       "         -2.3865e-09,  3.2596e-09, -4.8894e-09,  1.4552e-08, -1.6793e-08,\n",
       "         -7.4506e-09,  3.1432e-09,  0.0000e+00,  2.0955e-08, -6.5193e-09,\n",
       "         -2.9104e-09, -4.4238e-09, -1.0128e-08,  5.1223e-09,  1.6124e-08,\n",
       "          4.6566e-10,  5.1223e-09,  2.4447e-09, -1.5134e-09,  1.1642e-09],\n",
       "        [ 7.5670e-10, -3.9581e-09,  4.9477e-09,  4.6566e-10,  1.0419e-08,\n",
       "         -2.9104e-09, -5.2387e-10,  3.7253e-09, -6.9849e-09, -2.3865e-09,\n",
       "          1.0000e+00, -1.1642e-08, -1.1059e-08,  1.2806e-09,  9.0804e-09,\n",
       "          1.9209e-08,  5.5879e-09, -1.1409e-08,  1.6764e-08,  6.1118e-10,\n",
       "          4.6566e-09,  1.1642e-09,  1.0477e-08, -1.2456e-08,  5.5588e-09,\n",
       "          1.2806e-09, -8.1491e-09,  3.5507e-09,  2.4447e-09, -3.9581e-09],\n",
       "        [-5.7626e-09, -1.2806e-08, -1.5134e-09,  1.8626e-09,  1.2689e-08,\n",
       "         -1.3271e-08, -2.3283e-10, -4.6566e-10,  1.3970e-09,  3.2596e-09,\n",
       "         -1.1642e-08,  1.0000e+00,  1.0012e-08, -3.7253e-09, -6.9849e-09,\n",
       "         -6.7521e-09, -4.4238e-09,  2.2119e-09, -2.5029e-09,  1.9791e-09,\n",
       "          5.1223e-09,  6.9849e-10, -7.4506e-09,  7.4506e-09,  2.7940e-09,\n",
       "          3.8417e-09, -5.9372e-09,  3.2596e-09,  1.3155e-08, -3.4925e-09],\n",
       "        [-2.9104e-09, -1.2456e-08, -6.2864e-09, -1.7462e-09,  1.6415e-08,\n",
       "          2.7940e-09, -1.3970e-09,  2.5611e-09, -3.9581e-09, -4.8894e-09,\n",
       "         -1.1059e-08,  1.0012e-08,  1.0000e+00,  4.0745e-10, -4.0163e-09,\n",
       "          9.3132e-10,  4.6566e-10,  4.6566e-09, -6.9849e-10, -2.0955e-09,\n",
       "          1.8626e-09, -5.9372e-09,  1.5832e-08, -6.7521e-09,  2.9104e-09,\n",
       "         -1.3097e-08, -7.5670e-09,  4.4238e-09,  1.3970e-08,  4.0745e-09],\n",
       "        [ 2.7358e-09,  4.6566e-10,  7.2177e-09, -1.2107e-08, -2.5029e-09,\n",
       "          4.3656e-09,  3.0268e-09, -1.5600e-08,  9.8953e-10,  1.4552e-08,\n",
       "          1.2806e-09, -3.7253e-09,  4.0745e-10,  1.0000e+00,  3.8999e-09,\n",
       "         -3.6089e-09,  4.9477e-10, -1.2224e-09, -7.9162e-09, -2.9104e-10,\n",
       "          1.2806e-09, -2.2119e-09,  5.5879e-09, -8.9640e-09, -4.0745e-09,\n",
       "         -1.8626e-09, -5.5879e-09,  4.1910e-09,  1.3970e-09, -1.3970e-09],\n",
       "        [ 5.8208e-10, -3.3004e-08,  1.6880e-08,  2.5611e-09, -2.0198e-08,\n",
       "          1.8859e-08, -1.8743e-08, -1.2922e-08,  4.5693e-09, -1.6793e-08,\n",
       "          9.0804e-09, -6.9849e-09, -4.0163e-09,  3.8999e-09,  1.0000e+00,\n",
       "          1.9034e-08,  1.2806e-09, -8.9640e-09,  1.5134e-09,  1.2806e-09,\n",
       "          5.7044e-09, -6.0536e-09, -1.2107e-08, -4.0163e-09,  1.1321e-08,\n",
       "          0.0000e+00,  2.0373e-09,  5.8208e-09,  8.0327e-09, -8.4401e-09],\n",
       "        [ 4.0745e-09, -2.5611e-09, -5.8790e-09, -3.0268e-09, -8.8476e-09,\n",
       "          7.6252e-09, -3.8417e-09,  5.5879e-09,  5.3551e-09, -7.4506e-09,\n",
       "          1.9209e-08, -6.7521e-09,  9.3132e-10, -3.6089e-09,  1.9034e-08,\n",
       "          1.0000e+00,  5.5879e-09,  6.5193e-09,  1.8510e-08,  8.6147e-09,\n",
       "          2.0547e-08, -1.8626e-09,  2.4447e-09, -1.3621e-08,  3.9581e-09,\n",
       "          1.9791e-09, -2.7940e-09, -4.5693e-09, -5.5879e-09, -1.5134e-09],\n",
       "        [-6.9849e-10, -3.8417e-09, -3.3760e-09,  9.6625e-09, -3.8999e-09,\n",
       "         -2.6776e-09, -2.6776e-09, -5.8208e-10,  1.0012e-08,  3.1432e-09,\n",
       "          5.5879e-09, -4.4238e-09,  4.6566e-10,  4.9477e-10,  1.2806e-09,\n",
       "          5.5879e-09,  1.0000e+00,  8.1491e-09,  1.3970e-09, -2.5611e-09,\n",
       "          2.3283e-09, -5.3551e-09,  2.1537e-09,  9.3132e-10, -4.6566e-10,\n",
       "          4.1910e-09, -5.5879e-09, -8.1491e-10, -1.2951e-08, -8.1491e-10],\n",
       "        [ 5.5879e-09, -5.8208e-09, -4.6566e-09, -6.2864e-09, -9.6261e-09,\n",
       "          4.6566e-09,  5.2387e-10, -5.8208e-10,  2.1537e-09,  0.0000e+00,\n",
       "         -1.1409e-08,  2.2119e-09,  4.6566e-09, -1.2224e-09, -8.9640e-09,\n",
       "          6.5193e-09,  8.1491e-09,  1.0000e+00, -6.9849e-10,  4.6566e-10,\n",
       "          1.1409e-08,  1.0128e-08, -2.2119e-09,  5.3551e-09, -7.4506e-09,\n",
       "          9.7207e-09, -3.7253e-09, -1.3970e-09, -4.6566e-09, -5.6461e-09],\n",
       "        [ 1.8626e-09, -1.9325e-08, -1.8626e-09,  5.5297e-09,  9.6334e-09,\n",
       "          5.3551e-09,  6.6939e-10,  5.9081e-09, -3.9581e-09,  2.0955e-08,\n",
       "          1.6764e-08, -2.5029e-09, -6.9849e-10, -7.9162e-09,  1.5134e-09,\n",
       "          1.8510e-08,  1.3970e-09, -6.9849e-10,  1.0000e+00,  1.3388e-09,\n",
       "          9.7789e-09,  5.1223e-09, -5.1223e-09,  8.2655e-09,  3.3760e-09,\n",
       "          1.1642e-09,  3.5507e-09, -3.4925e-09,  1.2224e-09,  3.2596e-09],\n",
       "        [ 4.6566e-09,  4.0745e-09,  1.2456e-08,  5.8208e-09,  1.2806e-09,\n",
       "          9.6043e-10,  6.4028e-09, -1.6298e-09,  1.6298e-09, -6.5193e-09,\n",
       "          6.1118e-10,  1.9791e-09, -2.0955e-09, -2.9104e-10,  1.2806e-09,\n",
       "          8.6147e-09, -2.5611e-09,  4.6566e-10,  1.3388e-09,  1.0000e+00,\n",
       "          1.1642e-10,  1.5716e-09, -5.5879e-09, -1.2456e-08,  3.0268e-09,\n",
       "         -1.4988e-09,  1.1642e-09,  3.4925e-09,  1.1874e-08,  2.2119e-09],\n",
       "        [-4.6566e-10, -1.6764e-08,  3.4925e-09, -2.2119e-09,  4.6566e-10,\n",
       "         -2.3283e-09, -3.9581e-09,  6.9849e-10,  2.3283e-09, -2.9104e-09,\n",
       "          4.6566e-09,  5.1223e-09,  1.8626e-09,  1.2806e-09,  5.7044e-09,\n",
       "          2.0547e-08,  2.3283e-09,  1.1409e-08,  9.7789e-09,  1.1642e-10,\n",
       "          1.0000e+00, -2.3283e-10, -3.7253e-09, -7.5670e-10, -3.4925e-09,\n",
       "          6.9849e-10,  1.9791e-09,  2.5611e-09, -2.9104e-08, -5.1223e-09],\n",
       "        [-2.6193e-09, -5.9372e-09,  1.4261e-08,  7.3924e-09,  5.8208e-09,\n",
       "          1.0477e-09,  1.6240e-08, -7.4506e-09,  3.9581e-09, -4.4238e-09,\n",
       "          1.1642e-09,  6.9849e-10, -5.9372e-09, -2.2119e-09, -6.0536e-09,\n",
       "         -1.8626e-09, -5.3551e-09,  1.0128e-08,  5.1223e-09,  1.5716e-09,\n",
       "         -2.3283e-10,  1.0000e+00,  5.7917e-09, -4.3074e-09, -8.7311e-10,\n",
       "         -1.1089e-08, -4.5402e-09,  1.3970e-09, -1.3970e-09,  1.4901e-08],\n",
       "        [-1.0477e-09, -1.1642e-09, -9.5461e-09,  7.9162e-09, -8.8476e-09,\n",
       "         -3.0268e-09, -7.1595e-09,  1.2224e-08,  5.8208e-10, -1.0128e-08,\n",
       "          1.0477e-08, -7.4506e-09,  1.5832e-08,  5.5879e-09, -1.2107e-08,\n",
       "          2.4447e-09,  2.1537e-09, -2.2119e-09, -5.1223e-09, -5.5879e-09,\n",
       "         -3.7253e-09,  5.7917e-09,  1.0000e+00,  1.4843e-09, -5.1223e-09,\n",
       "          1.3621e-08,  4.6566e-10,  5.5879e-09, -1.6764e-08, -1.8626e-09],\n",
       "        [ 9.8953e-10, -1.6880e-08,  0.0000e+00, -2.3283e-09,  6.8685e-09,\n",
       "         -6.4028e-09,  2.5320e-09,  6.8103e-09, -1.0943e-08,  5.1223e-09,\n",
       "         -1.2456e-08,  7.4506e-09, -6.7521e-09, -8.9640e-09, -4.0163e-09,\n",
       "         -1.3621e-08,  9.3132e-10,  5.3551e-09,  8.2655e-09, -1.2456e-08,\n",
       "         -7.5670e-10, -4.3074e-09,  1.4843e-09,  1.0000e+00,  4.6566e-09,\n",
       "         -2.5611e-09, -5.9954e-09,  3.4925e-10, -1.2806e-08, -1.0128e-08],\n",
       "        [-3.0268e-09, -6.9849e-10,  3.4925e-09, -1.1642e-09,  7.2177e-09,\n",
       "          2.0955e-09, -6.2864e-09, -4.6857e-09,  0.0000e+00,  1.6124e-08,\n",
       "          5.5588e-09,  2.7940e-09,  2.9104e-09, -4.0745e-09,  1.1321e-08,\n",
       "          3.9581e-09, -4.6566e-10, -7.4506e-09,  3.3760e-09,  3.0268e-09,\n",
       "         -3.4925e-09, -8.7311e-10, -5.1223e-09,  4.6566e-09,  1.0000e+00,\n",
       "          3.1432e-09, -5.8208e-10, -1.2107e-08,  5.3551e-09, -1.6298e-09],\n",
       "        [-9.3132e-10,  6.9849e-09, -9.1968e-09, -7.9162e-09, -6.4611e-09,\n",
       "          9.3132e-10,  4.8894e-09, -3.4925e-09,  3.7253e-09,  4.6566e-10,\n",
       "          1.2806e-09,  3.8417e-09, -1.3097e-08, -1.8626e-09,  0.0000e+00,\n",
       "          1.9791e-09,  4.1910e-09,  9.7207e-09,  1.1642e-09, -1.4988e-09,\n",
       "          6.9849e-10, -1.1089e-08,  1.3621e-08, -2.5611e-09,  3.1432e-09,\n",
       "          1.0000e+00, -2.2119e-09, -2.7940e-09, -9.6625e-09, -4.0745e-09],\n",
       "        [ 5.0641e-09, -6.4611e-09,  3.0268e-09,  7.2177e-09, -8.7311e-10,\n",
       "          4.6566e-09, -7.6834e-09,  1.1874e-08, -6.9849e-09,  5.1223e-09,\n",
       "         -8.1491e-09, -5.9372e-09, -7.5670e-09, -5.5879e-09,  2.0373e-09,\n",
       "         -2.7940e-09, -5.5879e-09, -3.7253e-09,  3.5507e-09,  1.1642e-09,\n",
       "          1.9791e-09, -4.5402e-09,  4.6566e-10, -5.9954e-09, -5.8208e-10,\n",
       "         -2.2119e-09,  1.0000e+00, -4.0745e-09, -9.7789e-09, -1.2806e-09],\n",
       "        [-7.2177e-09,  4.4238e-09, -1.6880e-09,  3.1432e-09,  2.9395e-09,\n",
       "         -6.9849e-10, -2.7649e-09,  3.4634e-09, -4.5693e-09,  2.4447e-09,\n",
       "          3.5507e-09,  3.2596e-09,  4.4238e-09,  4.1910e-09,  5.8208e-09,\n",
       "         -4.5693e-09, -8.1491e-10, -1.3970e-09, -3.4925e-09,  3.4925e-09,\n",
       "          2.5611e-09,  1.3970e-09,  5.5879e-09,  3.4925e-10, -1.2107e-08,\n",
       "         -2.7940e-09, -4.0745e-09,  1.0000e+00,  4.6566e-09, -3.2014e-09],\n",
       "        [-6.7521e-09,  1.1642e-10,  3.8999e-08, -1.3271e-08, -3.4925e-09,\n",
       "         -2.3283e-09,  7.1595e-09,  4.5402e-09,  1.1409e-08, -1.5134e-09,\n",
       "          2.4447e-09,  1.3155e-08,  1.3970e-08,  1.3970e-09,  8.0327e-09,\n",
       "         -5.5879e-09, -1.2951e-08, -4.6566e-09,  1.2224e-09,  1.1874e-08,\n",
       "         -2.9104e-08, -1.3970e-09, -1.6764e-08, -1.2806e-08,  5.3551e-09,\n",
       "         -9.6625e-09, -9.7789e-09,  4.6566e-09,  1.0000e+00,  2.5029e-09],\n",
       "        [ 9.8953e-10, -2.8522e-09, -8.0327e-09,  2.5611e-09, -7.9162e-09,\n",
       "          2.7940e-09,  4.4238e-09, -4.4238e-09,  1.4552e-08,  1.1642e-09,\n",
       "         -3.9581e-09, -3.4925e-09,  4.0745e-09, -1.3970e-09, -8.4401e-09,\n",
       "         -1.5134e-09, -8.1491e-10, -5.6461e-09,  3.2596e-09,  2.2119e-09,\n",
       "         -5.1223e-09,  1.4901e-08, -1.8626e-09, -1.0128e-08, -1.6298e-09,\n",
       "         -4.0745e-09, -1.2806e-09, -3.2014e-09,  2.5029e-09,  1.0000e+00]],\n",
       "       device='cuda:0')"
      ]
     },
     "execution_count": 5,
     "metadata": {},
     "output_type": "execute_result"
    }
   ],
   "source": [
    "Q @ Q.T"
   ]
  },
  {
   "cell_type": "code",
   "execution_count": 6,
   "metadata": {},
   "outputs": [
    {
     "data": {
      "text/plain": [
       "tensor(2.2645e-06, device='cuda:0')"
      ]
     },
     "execution_count": 6,
     "metadata": {},
     "output_type": "execute_result"
    }
   ],
   "source": [
    "torch.norm(Q @ Q.T - torch.eye(M, device = device))"
   ]
  },
  {
   "cell_type": "code",
   "execution_count": 7,
   "metadata": {},
   "outputs": [],
   "source": [
    "def my_qr(A):\n",
    "     qr_func.qr_orthogonalization(A, 0);"
   ]
  },
  {
   "cell_type": "code",
   "execution_count": 8,
   "metadata": {},
   "outputs": [],
   "source": [
    "def timing(func, A, repeat=1000):\n",
    "    start = torch.cuda.Event(enable_timing=True, blocking=True)\n",
    "    stop  = torch.cuda.Event(enable_timing=True, blocking=True)\n",
    "\n",
    "    start.record()\n",
    "    for n in range(repeat):\n",
    "        func(A)\n",
    "\n",
    "    stop.record()\n",
    "    stop.synchronize()\n",
    "    return start.elapsed_time(stop) / repeat * 1000\n",
    "    "
   ]
  },
  {
   "cell_type": "code",
   "execution_count": 11,
   "metadata": {},
   "outputs": [
    {
     "name": "stdout",
     "output_type": "stream",
     "text": [
      "shape\t\tcustom (us)\ttorch.qr (us)\t\tspeedup\n",
      "(2, 256):\t 126.4 \t \t 20480.7 \t\t 162.04x\n",
      "(2, 512):\t 89.1 \t \t 30890.0 \t\t 346.55x\n"
     ]
    },
    {
     "ename": "KeyboardInterrupt",
     "evalue": "",
     "output_type": "error",
     "traceback": [
      "\u001b[0;31m---------------------------------------------------------------------------\u001b[0m",
      "\u001b[0;31mKeyboardInterrupt\u001b[0m                         Traceback (most recent call last)",
      "\u001b[0;32m<ipython-input-11-fe59f1d1629d>\u001b[0m in \u001b[0;36m<module>\u001b[0;34m\u001b[0m\n\u001b[1;32m      6\u001b[0m \u001b[0;32mfor\u001b[0m \u001b[0mM\u001b[0m\u001b[0;34m,\u001b[0m \u001b[0mN\u001b[0m \u001b[0;32min\u001b[0m \u001b[0mitertools\u001b[0m\u001b[0;34m.\u001b[0m\u001b[0mproduct\u001b[0m\u001b[0;34m(\u001b[0m\u001b[0mms\u001b[0m\u001b[0;34m,\u001b[0m \u001b[0mns\u001b[0m\u001b[0;34m)\u001b[0m\u001b[0;34m:\u001b[0m\u001b[0;34m\u001b[0m\u001b[0;34m\u001b[0m\u001b[0m\n\u001b[1;32m      7\u001b[0m     \u001b[0mA\u001b[0m \u001b[0;34m=\u001b[0m \u001b[0mtorch\u001b[0m\u001b[0;34m.\u001b[0m\u001b[0mrand\u001b[0m\u001b[0;34m(\u001b[0m\u001b[0;34m(\u001b[0m\u001b[0mM\u001b[0m\u001b[0;34m,\u001b[0m \u001b[0mN\u001b[0m\u001b[0;34m)\u001b[0m\u001b[0;34m,\u001b[0m \u001b[0mdevice\u001b[0m\u001b[0;34m=\u001b[0m\u001b[0mdevice\u001b[0m\u001b[0;34m)\u001b[0m\u001b[0;34m\u001b[0m\u001b[0;34m\u001b[0m\u001b[0m\n\u001b[0;32m----> 8\u001b[0;31m     \u001b[0mtorch_time\u001b[0m \u001b[0;34m=\u001b[0m \u001b[0mtiming\u001b[0m\u001b[0;34m(\u001b[0m\u001b[0mtorch\u001b[0m\u001b[0;34m.\u001b[0m\u001b[0mqr\u001b[0m\u001b[0;34m,\u001b[0m \u001b[0mA\u001b[0m\u001b[0;34m)\u001b[0m\u001b[0;34m\u001b[0m\u001b[0;34m\u001b[0m\u001b[0m\n\u001b[0m\u001b[1;32m      9\u001b[0m     \u001b[0mmy_time\u001b[0m \u001b[0;34m=\u001b[0m \u001b[0mtiming\u001b[0m\u001b[0;34m(\u001b[0m\u001b[0mmy_qr\u001b[0m\u001b[0;34m,\u001b[0m \u001b[0mA\u001b[0m\u001b[0;34m)\u001b[0m\u001b[0;34m\u001b[0m\u001b[0;34m\u001b[0m\u001b[0m\n\u001b[1;32m     10\u001b[0m     \u001b[0mspeedup\u001b[0m \u001b[0;34m=\u001b[0m \u001b[0mtorch_time\u001b[0m \u001b[0;34m/\u001b[0m \u001b[0mmy_time\u001b[0m\u001b[0;34m\u001b[0m\u001b[0;34m\u001b[0m\u001b[0m\n",
      "\u001b[0;32m<ipython-input-8-86f038bd450d>\u001b[0m in \u001b[0;36mtiming\u001b[0;34m(func, A, repeat)\u001b[0m\n\u001b[1;32m      5\u001b[0m     \u001b[0mstart\u001b[0m\u001b[0;34m.\u001b[0m\u001b[0mrecord\u001b[0m\u001b[0;34m(\u001b[0m\u001b[0;34m)\u001b[0m\u001b[0;34m\u001b[0m\u001b[0;34m\u001b[0m\u001b[0m\n\u001b[1;32m      6\u001b[0m     \u001b[0;32mfor\u001b[0m \u001b[0mn\u001b[0m \u001b[0;32min\u001b[0m \u001b[0mrange\u001b[0m\u001b[0;34m(\u001b[0m\u001b[0mrepeat\u001b[0m\u001b[0;34m)\u001b[0m\u001b[0;34m:\u001b[0m\u001b[0;34m\u001b[0m\u001b[0;34m\u001b[0m\u001b[0m\n\u001b[0;32m----> 7\u001b[0;31m         \u001b[0mfunc\u001b[0m\u001b[0;34m(\u001b[0m\u001b[0mA\u001b[0m\u001b[0;34m)\u001b[0m\u001b[0;34m\u001b[0m\u001b[0;34m\u001b[0m\u001b[0m\n\u001b[0m\u001b[1;32m      8\u001b[0m \u001b[0;34m\u001b[0m\u001b[0m\n\u001b[1;32m      9\u001b[0m     \u001b[0mstop\u001b[0m\u001b[0;34m.\u001b[0m\u001b[0mrecord\u001b[0m\u001b[0;34m(\u001b[0m\u001b[0;34m)\u001b[0m\u001b[0;34m\u001b[0m\u001b[0;34m\u001b[0m\u001b[0m\n",
      "\u001b[0;31mKeyboardInterrupt\u001b[0m: "
     ]
    }
   ],
   "source": [
    "ms = [2, 4, 8, 16, 32, 64, 128]\n",
    "ns = [256, 512, 1024, 2048, 4096]\n",
    "device = torch.device(\"cuda\")\n",
    "\n",
    "print(\"shape\\t\\tcustom (us)\\ttorch.qr (us)\\t\\tspeedup\")\n",
    "for M, N in itertools.product(ms, ns):\n",
    "    A = torch.rand((M, N), device=device)\n",
    "    torch_time = timing(torch.qr, A)\n",
    "    my_time = timing(my_qr, A)\n",
    "    speedup = torch_time / my_time\n",
    "\n",
    "    print(\"({:d}, {:d}):\\t {:.1f} \\t \\t {:.1f} \\t\\t {:.2f}x\".format(M, N, my_time, torch_time, speedup))"
   ]
  },
  {
   "cell_type": "code",
   "execution_count": null,
   "metadata": {},
   "outputs": [],
   "source": []
  }
 ],
 "metadata": {
  "interpreter": {
   "hash": "916dbcbb3f70747c44a77c7bcd40155683ae19c65e1c03b4aa3499c5328201f1"
  },
  "kernelspec": {
   "display_name": "Python 3.8.10 64-bit",
   "language": "python",
   "name": "python3"
  },
  "language_info": {
   "codemirror_mode": {
    "name": "ipython",
    "version": 3
   },
   "file_extension": ".py",
   "mimetype": "text/x-python",
   "name": "python",
   "nbconvert_exporter": "python",
   "pygments_lexer": "ipython3",
   "version": "3.8.5"
  },
  "orig_nbformat": 4
 },
 "nbformat": 4,
 "nbformat_minor": 2
}
