{
 "cells": [
  {
   "cell_type": "code",
   "execution_count": 61,
   "metadata": {},
   "outputs": [],
   "source": [
    "import torch\n",
    "from torch.utils.cpp_extension import load\n",
    "from algo import original_orth\n",
    "import itertools"
   ]
  },
  {
   "cell_type": "code",
   "execution_count": 60,
   "metadata": {},
   "outputs": [],
   "source": [
    "qr_func = load(name=\"qr_func\", sources=[\"qr_orthogonalization.cpp\", \"qr_orthogonalization.cu\"])"
   ]
  },
  {
   "cell_type": "code",
   "execution_count": 55,
   "metadata": {},
   "outputs": [],
   "source": [
    "M = 30\n",
    "N = 4000\n",
    "device = torch.device(\"cuda\")\n",
    "\n",
    "A = torch.rand((M, N), device=device)\n",
    "Q = A.clone()"
   ]
  },
  {
   "cell_type": "code",
   "execution_count": 57,
   "metadata": {},
   "outputs": [],
   "source": [
    "qr_func.qr_orthogonalization(Q, 0)"
   ]
  },
  {
   "cell_type": "code",
   "execution_count": 58,
   "metadata": {},
   "outputs": [
    {
     "data": {
      "text/plain": [
       "tensor([[ 1.0001e+00,  8.8540e-07,  5.1019e-08, -3.3227e-07, -6.1694e-06,\n",
       "          1.0363e-06,  2.6710e-06, -4.6850e-07,  1.5151e-07, -2.0532e-06,\n",
       "          4.6788e-06,  4.4151e-08, -2.1422e-06,  2.5018e-07,  2.2451e-06,\n",
       "          1.3324e-05,  3.7383e-06, -1.2185e-03,  8.6240e-07,  4.0722e-05,\n",
       "          2.4745e-04, -1.7693e-05, -2.2685e-06, -1.8247e-06, -2.0381e-06,\n",
       "         -1.4418e-06, -2.9174e-06,  1.3256e-06, -1.8249e-06, -7.3074e-07],\n",
       "        [ 8.8540e-07,  9.9999e-01,  5.7754e-06, -6.4053e-08,  1.1273e-05,\n",
       "          7.2655e-06,  2.4691e-06, -7.9597e-06,  9.1083e-07,  3.9904e-06,\n",
       "          5.9813e-07,  5.2894e-06,  2.6480e-06, -1.8996e-06,  1.2384e-05,\n",
       "         -1.7341e-06,  6.2445e-06,  9.2773e-04,  1.0135e-05,  1.5939e-04,\n",
       "         -9.3828e-05,  8.0689e-05,  5.4168e-06,  1.9406e-07,  2.4431e-05,\n",
       "          2.8301e-05,  2.2813e-04,  3.6092e-05,  3.6647e-05,  5.6839e-06],\n",
       "        [ 5.1019e-08,  5.7754e-06,  1.0000e+00, -2.0344e-06, -2.0909e-06,\n",
       "         -5.2672e-06, -3.3649e-06, -3.3743e-06, -1.9162e-06, -2.9738e-07,\n",
       "         -4.1165e-06, -1.1163e-07, -1.7635e-05, -1.5922e-06, -3.5738e-06,\n",
       "         -2.7884e-06, -8.3027e-07,  3.3133e-04,  3.2298e-06,  8.6341e-06,\n",
       "         -4.2966e-05,  1.1565e-05, -2.1942e-05, -3.7619e-06, -3.0531e-06,\n",
       "          3.0620e-05,  7.2188e-05,  3.1032e-05,  1.1011e-05,  1.4520e-06],\n",
       "        [-3.3227e-07, -6.4053e-08, -2.0344e-06,  9.9973e-01, -2.3205e-06,\n",
       "          5.4823e-06,  1.0861e-05,  7.0104e-07,  1.5127e-06,  1.4280e-06,\n",
       "          7.3240e-08, -2.4760e-06, -7.4671e-06,  1.1386e-06, -5.2292e-06,\n",
       "          1.3947e-06,  2.3530e-08,  5.3614e-05,  4.7486e-07,  1.1053e-05,\n",
       "         -9.2826e-05, -2.0968e-04, -9.7240e-06,  5.7731e-06, -6.6165e-06,\n",
       "         -1.8117e-06, -3.3037e-05, -7.1250e-07, -4.1418e-06, -1.0287e-06],\n",
       "        [-6.1694e-06,  1.1273e-05, -2.0909e-06, -2.3205e-06,  1.0000e+00,\n",
       "          2.7598e-05, -2.6514e-05, -5.1836e-06, -3.4971e-07,  5.3161e-07,\n",
       "          1.5323e-05,  1.2144e-06, -7.5209e-05, -2.1735e-07,  1.1518e-05,\n",
       "         -2.9057e-06,  7.0124e-06,  3.3337e-04,  1.1787e-05,  4.7324e-05,\n",
       "          6.3214e-08, -3.7724e-05,  6.5849e-06, -5.1709e-06,  2.1375e-05,\n",
       "          1.9699e-05,  1.6955e-04,  6.3650e-05,  4.2190e-05,  1.0937e-05],\n",
       "        [ 1.0363e-06,  7.2655e-06, -5.2672e-06,  5.4823e-06,  2.7598e-05,\n",
       "          1.0000e+00, -2.9077e-05,  2.7533e-06,  1.0645e-05, -3.3258e-06,\n",
       "         -6.3791e-06,  4.4317e-06, -2.1683e-05, -1.1736e-05,  2.5922e-05,\n",
       "         -6.6683e-07,  1.4996e-05,  1.7640e-03,  1.8250e-05,  2.5352e-04,\n",
       "         -1.1513e-04,  1.3494e-04,  2.7672e-06, -1.2893e-06,  2.2336e-05,\n",
       "          2.7038e-05,  1.8667e-04,  4.6473e-07,  9.7397e-05,  8.7647e-06],\n",
       "        [ 2.6710e-06,  2.4691e-06, -3.3649e-06,  1.0861e-05, -2.6514e-05,\n",
       "         -2.9077e-05,  1.0000e+00, -7.3700e-06,  5.5470e-06,  9.1842e-06,\n",
       "         -4.7814e-06,  4.9843e-06, -2.2075e-05,  3.5875e-06, -2.8001e-05,\n",
       "         -1.2649e-05,  7.3644e-06,  1.4998e-04, -5.8178e-05,  2.0913e-04,\n",
       "         -6.4604e-04,  1.7168e-05,  1.5929e-05,  3.4655e-06,  1.2405e-05,\n",
       "         -5.3290e-06, -6.9326e-04,  4.6235e-05, -1.6969e-04, -4.2972e-06],\n",
       "        [-4.6850e-07, -7.9597e-06, -3.3743e-06,  7.0104e-07, -5.1836e-06,\n",
       "          2.7533e-06, -7.3700e-06,  1.0000e+00, -3.4024e-05,  5.6667e-06,\n",
       "         -9.6791e-06, -1.1126e-07, -2.7884e-06,  2.0766e-06,  5.7850e-06,\n",
       "         -2.4121e-06, -2.8987e-07,  2.3709e-04, -1.3150e-06,  4.5609e-05,\n",
       "         -1.1488e-05, -1.5509e-05,  5.9360e-06, -3.7106e-06,  9.4791e-08,\n",
       "          2.6140e-06,  4.7892e-06,  3.7416e-05, -6.6516e-06, -3.3250e-06],\n",
       "        [ 1.5151e-07,  9.1083e-07, -1.9162e-06,  1.5127e-06, -3.4971e-07,\n",
       "          1.0645e-05,  5.5470e-06, -3.4024e-05,  9.9990e-01,  6.1714e-05,\n",
       "         -1.7758e-05,  1.7384e-06, -1.0520e-05,  3.1216e-06,  1.1150e-05,\n",
       "         -1.9594e-05,  9.5160e-06, -5.4531e-03,  1.3838e-05,  5.6541e-05,\n",
       "         -9.9716e-05,  3.1608e-05,  1.2721e-06,  2.6379e-06,  2.5351e-06,\n",
       "          8.8738e-07,  6.5694e-05,  6.4678e-06,  2.7816e-05,  1.8175e-05],\n",
       "        [-2.0532e-06,  3.9904e-06, -2.9738e-07,  1.4280e-06,  5.3161e-07,\n",
       "         -3.3258e-06,  9.1842e-06,  5.6667e-06,  6.1714e-05,  1.0000e+00,\n",
       "         -3.2566e-04,  1.4151e-06, -2.5966e-06,  4.4345e-06, -7.2343e-07,\n",
       "         -6.5304e-06,  1.6415e-06,  9.1948e-04, -1.6196e-06,  3.9678e-05,\n",
       "          3.1127e-05, -1.8770e-05,  6.5363e-06,  4.3074e-06, -4.6568e-06,\n",
       "          1.9484e-06,  2.4053e-05,  9.9602e-07,  6.9697e-06,  4.4317e-06],\n",
       "        [ 4.6788e-06,  5.9813e-07, -4.1165e-06,  7.3240e-08,  1.5323e-05,\n",
       "         -6.3791e-06, -4.7814e-06, -9.6791e-06, -1.7758e-05, -3.2566e-04,\n",
       "          1.0000e+00, -8.9619e-06, -8.1179e-06,  1.8310e-05,  1.5620e-06,\n",
       "         -1.0317e-06, -1.7838e-06,  5.7455e-05, -4.7155e-06, -6.0408e-06,\n",
       "         -4.1389e-05, -2.2629e-06,  2.0136e-05,  9.5050e-06,  2.6425e-06,\n",
       "          2.2386e-05,  7.5174e-06,  5.9218e-06,  1.6349e-05, -8.8102e-06],\n",
       "        [ 4.4151e-08,  5.2894e-06, -1.1163e-07, -2.4760e-06,  1.2144e-06,\n",
       "          4.4317e-06,  4.9843e-06, -1.1126e-07,  1.7384e-06,  1.4151e-06,\n",
       "         -8.9619e-06,  1.0000e+00, -4.7540e-06, -1.0716e-07,  2.6541e-06,\n",
       "          1.5156e-05,  2.8672e-05,  7.5596e-05,  6.0899e-06, -3.6431e-05,\n",
       "         -1.4108e-05, -1.9265e-05, -1.8356e-06,  9.2507e-07,  3.4984e-06,\n",
       "          5.7094e-06,  3.2936e-05,  1.3644e-06,  1.4414e-05, -1.4694e-05],\n",
       "        [-2.1422e-06,  2.6480e-06, -1.7635e-05, -7.4671e-06, -7.5209e-05,\n",
       "         -2.1683e-05, -2.2075e-05, -2.7884e-06, -1.0520e-05, -2.5966e-06,\n",
       "         -8.1179e-06, -4.7540e-06,  9.9997e-01,  8.5207e-06, -5.7396e-05,\n",
       "         -5.5986e-06, -2.2838e-05,  5.2088e-04, -1.1242e-04,  7.7030e-05,\n",
       "         -1.1408e-04, -8.1792e-05, -1.3443e-05, -6.7918e-06,  1.8004e-06,\n",
       "         -1.5339e-05, -1.2965e-03, -3.3208e-05, -1.7290e-04, -3.6951e-05],\n",
       "        [ 2.5018e-07, -1.8996e-06, -1.5922e-06,  1.1386e-06, -2.1735e-07,\n",
       "         -1.1736e-05,  3.5875e-06,  2.0766e-06,  3.1216e-06,  4.4345e-06,\n",
       "          1.8310e-05, -1.0716e-07,  8.5207e-06,  1.0000e+00,  9.8558e-06,\n",
       "         -2.2631e-07,  1.5998e-06,  3.7431e-04, -1.3369e-06,  3.3102e-05,\n",
       "         -5.1118e-05,  9.5385e-06, -3.2874e-06, -4.6735e-07,  1.5105e-06,\n",
       "         -8.4675e-07,  8.0751e-07, -1.1724e-05,  9.6182e-06, -8.3951e-06],\n",
       "        [ 2.2451e-06,  1.2384e-05, -3.5738e-06, -5.2292e-06,  1.1518e-05,\n",
       "          2.5922e-05, -2.8001e-05,  5.7850e-06,  1.1150e-05, -7.2343e-07,\n",
       "          1.5620e-06,  2.6541e-06, -5.7396e-05,  9.8558e-06,  1.0000e+00,\n",
       "         -3.7011e-06,  1.6076e-05,  5.1838e-04,  1.6382e-05, -1.3741e-05,\n",
       "         -1.0251e-05,  2.5739e-05,  3.5131e-06, -1.0380e-05,  2.2849e-05,\n",
       "          2.7856e-05,  1.7492e-04,  8.1105e-05,  2.8095e-05,  1.3320e-05],\n",
       "        [ 1.3324e-05, -1.7341e-06, -2.7884e-06,  1.3947e-06, -2.9057e-06,\n",
       "         -6.6683e-07, -1.2649e-05, -2.4121e-06, -1.9594e-05, -6.5304e-06,\n",
       "         -1.0317e-06,  1.5156e-05, -5.5986e-06, -2.2631e-07, -3.7011e-06,\n",
       "          1.0000e+00,  1.4909e-05, -9.5016e-03,  5.1796e-05,  3.8106e-05,\n",
       "         -1.9997e-04,  1.8476e-05,  7.7393e-07,  2.5784e-06, -3.4738e-06,\n",
       "          1.0431e-06,  2.4242e-05,  2.9020e-06, -4.6417e-06, -3.0622e-05],\n",
       "        [ 3.7383e-06,  6.2445e-06, -8.3027e-07,  2.3530e-08,  7.0124e-06,\n",
       "          1.4996e-05,  7.3644e-06, -2.8987e-07,  9.5160e-06,  1.6415e-06,\n",
       "         -1.7838e-06,  2.8672e-05, -2.2838e-05,  1.5998e-06,  1.6076e-05,\n",
       "          1.4909e-05,  9.9996e-01,  2.6772e-02, -3.1084e-05,  4.9464e-05,\n",
       "          1.2400e-03, -5.6047e-06,  4.0217e-06,  1.3376e-06,  1.3537e-05,\n",
       "          1.1935e-05,  3.6704e-05,  2.5734e-05,  2.7096e-05,  4.0090e-05],\n",
       "        [-1.2185e-03,  9.2773e-04,  3.3133e-04,  5.3614e-05,  3.3337e-04,\n",
       "          1.7640e-03,  1.4998e-04,  2.3709e-04, -5.4531e-03,  9.1948e-04,\n",
       "          5.7455e-05,  7.5596e-05,  5.2088e-04,  3.7431e-04,  5.1838e-04,\n",
       "         -9.5016e-03,  2.6772e-02,  1.0077e+00, -4.8451e-02,  7.8131e-05,\n",
       "          3.4005e-03,  2.8431e-04,  1.2731e-04,  1.2609e-05,  3.4793e-04,\n",
       "          3.0383e-04,  5.3586e-04,  1.9781e-04,  3.9949e-04,  1.6218e-04],\n",
       "        [ 8.6240e-07,  1.0135e-05,  3.2298e-06,  4.7486e-07,  1.1787e-05,\n",
       "          1.8250e-05, -5.8178e-05, -1.3150e-06,  1.3838e-05, -1.6196e-06,\n",
       "         -4.7155e-06,  6.0899e-06, -1.1242e-04, -1.3369e-06,  1.6382e-05,\n",
       "          5.1796e-05, -3.1084e-05, -4.8451e-02,  1.0000e+00,  1.0486e-04,\n",
       "          3.8048e-05,  1.3243e-06,  7.7542e-06, -4.8266e-06,  1.9358e-05,\n",
       "          1.8828e-05,  1.1519e-04,  1.7020e-04,  8.0541e-06,  5.3570e-06],\n",
       "        [ 4.0722e-05,  1.5939e-04,  8.6341e-06,  1.1053e-05,  4.7324e-05,\n",
       "          2.5352e-04,  2.0913e-04,  4.5609e-05,  5.6541e-05,  3.9678e-05,\n",
       "         -6.0408e-06, -3.6431e-05,  7.7030e-05,  3.3102e-05, -1.3741e-05,\n",
       "          3.8106e-05,  4.9464e-05,  7.8131e-05,  1.0486e-04,  1.0001e+00,\n",
       "         -2.4215e-03,  3.8978e-05,  1.9810e-05,  6.7547e-05,  8.5143e-06,\n",
       "          6.0557e-05,  2.6079e-05,  3.1387e-05,  3.5850e-05, -4.6125e-06],\n",
       "        [ 2.4745e-04, -9.3828e-05, -4.2966e-05, -9.2826e-05,  6.3214e-08,\n",
       "         -1.1513e-04, -6.4604e-04, -1.1488e-05, -9.9716e-05,  3.1127e-05,\n",
       "         -4.1389e-05, -1.4108e-05, -1.1408e-04, -5.1118e-05, -1.0251e-05,\n",
       "         -1.9997e-04,  1.2400e-03,  3.4005e-03,  3.8048e-05, -2.4215e-03,\n",
       "          1.0000e+00, -1.0495e-03,  2.5454e-05, -3.1880e-05, -3.3025e-06,\n",
       "          1.6059e-05,  1.6836e-04,  5.1224e-05,  2.7956e-05,  1.1748e-05],\n",
       "        [-1.7693e-05,  8.0689e-05,  1.1565e-05, -2.0968e-04, -3.7724e-05,\n",
       "          1.3494e-04,  1.7168e-05, -1.5509e-05,  3.1608e-05, -1.8770e-05,\n",
       "         -2.2629e-06, -1.9265e-05, -8.1792e-05,  9.5385e-06,  2.5739e-05,\n",
       "          1.8476e-05, -5.6047e-06,  2.8431e-04,  1.3243e-06,  3.8978e-05,\n",
       "         -1.0495e-03,  9.9994e-01, -7.1388e-04,  3.3325e-05,  1.4535e-05,\n",
       "          4.8778e-05,  1.2711e-04,  6.5565e-05,  4.1462e-05,  1.1531e-05],\n",
       "        [-2.2685e-06,  5.4168e-06, -2.1942e-05, -9.7240e-06,  6.5849e-06,\n",
       "          2.7672e-06,  1.5929e-05,  5.9360e-06,  1.2721e-06,  6.5363e-06,\n",
       "          2.0136e-05, -1.8356e-06, -1.3443e-05, -3.2874e-06,  3.5131e-06,\n",
       "          7.7393e-07,  4.0217e-06,  1.2731e-04,  7.7542e-06,  1.9810e-05,\n",
       "          2.5454e-05, -7.1388e-04,  9.9997e-01,  5.8909e-05, -3.9054e-06,\n",
       "          1.7959e-05,  7.8150e-05,  2.2530e-05,  2.6475e-05,  7.1403e-06],\n",
       "        [-1.8247e-06,  1.9406e-07, -3.7619e-06,  5.7731e-06, -5.1709e-06,\n",
       "         -1.2893e-06,  3.4655e-06, -3.7106e-06,  2.6379e-06,  4.3074e-06,\n",
       "          9.5050e-06,  9.2507e-07, -6.7918e-06, -4.6735e-07, -1.0380e-05,\n",
       "          2.5784e-06,  1.3376e-06,  1.2609e-05, -4.8266e-06,  6.7547e-05,\n",
       "         -3.1880e-05,  3.3325e-05,  5.8909e-05,  9.9999e-01, -1.6916e-05,\n",
       "         -4.8091e-06,  2.5917e-06,  6.9628e-06,  1.9320e-06,  1.6588e-06],\n",
       "        [-2.0381e-06,  2.4431e-05, -3.0531e-06, -6.6165e-06,  2.1375e-05,\n",
       "          2.2336e-05,  1.2405e-05,  9.4791e-08,  2.5351e-06, -4.6568e-06,\n",
       "          2.6425e-06,  3.4984e-06,  1.8004e-06,  1.5105e-06,  2.2849e-05,\n",
       "         -3.4738e-06,  1.3537e-05,  3.4793e-04,  1.9358e-05,  8.5143e-06,\n",
       "         -3.3025e-06,  1.4535e-05, -3.9054e-06, -1.6916e-05,  1.0000e+00,\n",
       "          2.2882e-05,  1.8720e-04,  6.6312e-05,  1.8617e-05,  1.7383e-05],\n",
       "        [-1.4418e-06,  2.8301e-05,  3.0620e-05, -1.8117e-06,  1.9699e-05,\n",
       "          2.7038e-05, -5.3290e-06,  2.6140e-06,  8.8738e-07,  1.9484e-06,\n",
       "          2.2386e-05,  5.7094e-06, -1.5339e-05, -8.4675e-07,  2.7856e-05,\n",
       "          1.0431e-06,  1.1935e-05,  3.0383e-04,  1.8828e-05,  6.0557e-05,\n",
       "          1.6059e-05,  4.8778e-05,  1.7959e-05, -4.8091e-06,  2.2882e-05,\n",
       "          9.9998e-01,  1.8387e-04,  7.5955e-05,  5.0352e-05,  1.6745e-05],\n",
       "        [-2.9174e-06,  2.2813e-04,  7.2188e-05, -3.3037e-05,  1.6955e-04,\n",
       "          1.8667e-04, -6.9326e-04,  4.7892e-06,  6.5694e-05,  2.4053e-05,\n",
       "          7.5174e-06,  3.2936e-05, -1.2965e-03,  8.0751e-07,  1.7492e-04,\n",
       "          2.4242e-05,  3.6704e-05,  5.3586e-04,  1.1519e-04,  2.6079e-05,\n",
       "          1.6836e-04,  1.2711e-04,  7.8150e-05,  2.5917e-06,  1.8720e-04,\n",
       "          1.8387e-04,  1.0009e+00,  1.7698e-03,  2.0005e-04,  7.2452e-05],\n",
       "        [ 1.3256e-06,  3.6092e-05,  3.1032e-05, -7.1250e-07,  6.3650e-05,\n",
       "          4.6473e-07,  4.6235e-05,  3.7416e-05,  6.4678e-06,  9.9602e-07,\n",
       "          5.9218e-06,  1.3644e-06, -3.3208e-05, -1.1724e-05,  8.1105e-05,\n",
       "          2.9020e-06,  2.5734e-05,  1.9781e-04,  1.7020e-04,  3.1387e-05,\n",
       "          5.1224e-05,  6.5565e-05,  2.2530e-05,  6.9628e-06,  6.6312e-05,\n",
       "          7.5955e-05,  1.7698e-03,  1.0000e+00,  3.0828e-04,  7.5818e-05],\n",
       "        [-1.8249e-06,  3.6647e-05,  1.1011e-05, -4.1418e-06,  4.2190e-05,\n",
       "          9.7397e-05, -1.6969e-04, -6.6516e-06,  2.7816e-05,  6.9697e-06,\n",
       "          1.6349e-05,  1.4414e-05, -1.7290e-04,  9.6182e-06,  2.8095e-05,\n",
       "         -4.6417e-06,  2.7096e-05,  3.9949e-04,  8.0541e-06,  3.5850e-05,\n",
       "          2.7956e-05,  4.1462e-05,  2.6475e-05,  1.9320e-06,  1.8617e-05,\n",
       "          5.0352e-05,  2.0005e-04,  3.0828e-04,  1.0000e+00,  4.8491e-05],\n",
       "        [-7.3074e-07,  5.6839e-06,  1.4520e-06, -1.0287e-06,  1.0937e-05,\n",
       "          8.7647e-06, -4.2972e-06, -3.3250e-06,  1.8175e-05,  4.4317e-06,\n",
       "         -8.8102e-06, -1.4694e-05, -3.6951e-05, -8.3951e-06,  1.3320e-05,\n",
       "         -3.0622e-05,  4.0090e-05,  1.6218e-04,  5.3570e-06, -4.6125e-06,\n",
       "          1.1748e-05,  1.1531e-05,  7.1403e-06,  1.6588e-06,  1.7383e-05,\n",
       "          1.6745e-05,  7.2452e-05,  7.5818e-05,  4.8491e-05,  1.0000e+00]],\n",
       "       device='cuda:0')"
      ]
     },
     "execution_count": 58,
     "metadata": {},
     "output_type": "execute_result"
    }
   ],
   "source": [
    "Q @ Q.T"
   ]
  },
  {
   "cell_type": "code",
   "execution_count": 59,
   "metadata": {},
   "outputs": [
    {
     "data": {
      "text/plain": [
       "tensor(0.0806, device='cuda:0')"
      ]
     },
     "execution_count": 59,
     "metadata": {},
     "output_type": "execute_result"
    }
   ],
   "source": [
    "torch.norm(Q @ Q.T - torch.eye(M, device = device))"
   ]
  },
  {
   "cell_type": "code",
   "execution_count": 63,
   "metadata": {},
   "outputs": [],
   "source": [
    "def my_qr(A):\n",
    "     qr_func.qr_orthogonalization(A, 0);"
   ]
  },
  {
   "cell_type": "code",
   "execution_count": 69,
   "metadata": {},
   "outputs": [],
   "source": [
    "def timing(func, A, repeat=1000):\n",
    "    start = torch.cuda.Event(enable_timing=True, blocking=True)\n",
    "    stop  = torch.cuda.Event(enable_timing=True, blocking=True)\n",
    "\n",
    "    start.record()\n",
    "    for n in range(repeat):\n",
    "        func(A)\n",
    "\n",
    "    stop.record()\n",
    "    stop.synchronize()\n",
    "    return start.elapsed_time(stop) / repeat * 1000\n",
    "    "
   ]
  },
  {
   "cell_type": "code",
   "execution_count": 73,
   "metadata": {},
   "outputs": [
    {
     "name": "stdout",
     "output_type": "stream",
     "text": [
      "shape\t\tcustom (us)\ttorch.qr (us)\t\tspeedup\n"
     ]
    }
   ],
   "source": [
    "ms = [2, 4, 8, 16, 32]\n",
    "ns = [256, 512, 1024, 2048, 4096, 8192]\n",
    "device = torch.device(\"cuda\")\n",
    "\n",
    "print(\"shape\\t\\tcustom (us)\\ttorch.qr (us)\\t\\tspeedup\")\n",
    "for M, N in itertools.product(ms, ns):\n",
    "    A = torch.rand((M, N), device=device)\n",
    "    torch_time = timing(torch.qr, A)\n",
    "    my_time = timing(my_qr, A)\n",
    "    speedup = torch_time / my_time\n",
    "\n",
    "    print(\"({:d}, {:d}):\\t {:.1f} \\t \\t {:.1f} \\t\\t {:.2f}x\".format(M, N, my_time, torch_time, speedup))"
   ]
  },
  {
   "cell_type": "code",
   "execution_count": null,
   "metadata": {},
   "outputs": [],
   "source": []
  }
 ],
 "metadata": {
  "interpreter": {
   "hash": "916dbcbb3f70747c44a77c7bcd40155683ae19c65e1c03b4aa3499c5328201f1"
  },
  "kernelspec": {
   "display_name": "Python 3.8.10 64-bit",
   "language": "python",
   "name": "python3"
  },
  "language_info": {
   "codemirror_mode": {
    "name": "ipython",
    "version": 3
   },
   "file_extension": ".py",
   "mimetype": "text/x-python",
   "name": "python",
   "nbconvert_exporter": "python",
   "pygments_lexer": "ipython3",
   "version": "3.8.5"
  },
  "orig_nbformat": 4
 },
 "nbformat": 4,
 "nbformat_minor": 2
}
